000 001 -> 0.0336328635
000 002 -> 0.0120014544
000 003 -> 0.0016697770
000 004 -> 0.0055070783
000 005 -> 0.0036115901
000 006 -> 0.0016810059
000 007 -> 0.0108036126
000 008 -> 0.0013547670
000 009 -> 0.0011877853
000 010 -> 0.0006963815
000 011 -> 0.0006344947
000 012 -> 0.0008263289
000 013 -> 0.6594554609
000 014 -> 0.0013494541
000 015 -> 0.0016436260
000 016 -> 0.0014777299
000 017 -> 0.0011236918
000 018 -> 0.0008176928
000 019 -> 0.0015135001
000 020 -> 0.0016184738
000 021 -> 0.0014396196
000 022 -> 0.0015522683
000 023 -> 0.0012178456
000 024 -> 0.0014109216
000 025 -> 0.0016933810
000 026 -> 0.1195124359
000 027 -> 0.1085286556
000 028 -> 0.0014008641
000 029 -> 0.0016552438
000 030 -> 0.0028171886
000 031 -> 0.0154591819
000 032 -> 0.0019189106
000 033 -> 0.0124423002
000 034 -> 0.0021681952
000 035 -> 0.0005395881
000 036 -> 0.0021825896
000 037 -> 0.0016626862
000 038 -> 0.0010855355
000 039 -> 0.0016632859
000 040 -> 0.0010611181
001 002 -> 0.0138782085
001 003 -> 0.0009791607
001 004 -> 0.0056989101
001 005 -> 0.0038748932
001 006 -> 0.0017391176
001 007 -> 0.0116830803
001 008 -> 0.0015327217
001 009 -> 0.0009690912
001 010 -> 0.0006320228
001 011 -> 0.0006492783
001 012 -> 0.0006109648
001 013 -> 0.0342989806
001 014 -> 0.0010715159
001 015 -> 0.0011636888
001 016 -> 0.0010940528
001 017 -> 0.0012051006
001 018 -> 0.0007571853
001 019 -> 0.0013397016
001 020 -> 0.0012825488
001 021 -> 0.0009219504
001 022 -> 0.0009734365
001 023 -> 0.0014574874
001 024 -> 0.0009181808
001 025 -> 0.0014367263
001 026 -> 0.0354055065
001 027 -> 0.0291249723
001 028 -> 0.0012539443
001 029 -> 0.0020188913
001 030 -> 0.0030227475
001 031 -> 0.0120155443
001 032 -> 0.0021971592
001 033 -> 0.0136602112
001 034 -> 0.0022089734
001 035 -> 0.0006032209
001 036 -> 0.0022855633
001 037 -> 0.0020664492
001 038 -> 0.0010573238
001 039 -> 0.0010392779
001 040 -> 0.0011492585
002 003 -> 0.0010024742
002 004 -> 0.0038091540
002 005 -> 0.0032527027
002 006 -> 0.0014119490
002 007 -> 0.0403587383
002 008 -> 0.0016172312
002 009 -> 0.0011138403
002 010 -> 0.0007089660
002 011 -> 0.0008122977
002 012 -> 0.0007425084
002 013 -> 0.0132607211
002 014 -> 0.0008595933
002 015 -> 0.0014766603
002 016 -> 0.0008883718
002 017 -> 0.0013350194
002 018 -> 0.0007919450
002 019 -> 0.0007549584
002 020 -> 0.0011014876
002 021 -> 0.0008998410
002 022 -> 0.0006963593
002 023 -> 0.0010286113
002 024 -> 0.0006461758
002 025 -> 0.0013159009
002 026 -> 0.0119161648
002 027 -> 0.0104056924
002 028 -> 0.0011144140
002 029 -> 0.0021000535
002 030 -> 0.0034424703
002 031 -> 0.0648002838
002 032 -> 0.0022120030
002 033 -> 0.0708745925
002 034 -> 0.0014582094
002 035 -> 0.0011291081
002 036 -> 0.0028762788
002 037 -> 0.0020095147
002 038 -> 0.0009969967
002 039 -> 0.0009437219
002 040 -> 0.0009066901
003 004 -> 0.0012025642
003 005 -> 0.0029007082
003 006 -> 0.0014928373
003 007 -> 0.0014233458
003 008 -> 0.0229006631
003 009 -> 0.0013982977
003 010 -> 0.0008238734
003 011 -> 0.0009606551
003 012 -> 0.0012061390
003 013 -> 0.0016771266
003 014 -> 0.0055625131
003 015 -> 0.0263165585
003 016 -> 0.0057057644
003 017 -> 0.0016722151
003 018 -> 0.0005942847
003 019 -> 0.0175844724
003 020 -> 0.0014287473
003 021 -> 0.0050025820
003 022 -> 0.0186089577
003 023 -> 0.0185212581
003 024 -> 0.0047576094
003 025 -> 0.0032453830
003 026 -> 0.0010312036
003 027 -> 0.0011816162
003 028 -> 0.0035331749
003 029 -> 0.0016132908
003 030 -> 0.0018184735
003 031 -> 0.0012272562
003 032 -> 0.0017385747
003 033 -> 0.0011986158
003 034 -> 0.0013206676
003 035 -> 0.0011532699
003 036 -> 0.0012692294
003 037 -> 0.0015513435
003 038 -> 0.0042022458
003 039 -> 0.0248019684
003 040 -> 0.0041154471
004 005 -> 0.0073484572
004 006 -> 0.0029175494
004 007 -> 0.0039590575
004 008 -> 0.0019546418
004 009 -> 0.0010815552
004 010 -> 0.0008622512
004 011 -> 0.0009643603
004 012 -> 0.0007163196
004 013 -> 0.0047310674
004 014 -> 0.0009809644
004 015 -> 0.0021965580
004 016 -> 0.0008929115
004 017 -> 0.0024286776
004 018 -> 0.0004479123
004 019 -> 0.0014048583
004 020 -> 0.0019037568
004 021 -> 0.0005393388
004 022 -> 0.0011218077
004 023 -> 0.0014243767
004 024 -> 0.0006511490
004 025 -> 0.0017723625
004 026 -> 0.0036217667
004 027 -> 0.0036104100
004 028 -> 0.0021077858
004 029 -> 0.0046520061
004 030 -> 0.0071782695
004 031 -> 0.0036703285
004 032 -> 0.0046770322
004 033 -> 0.0042453847
004 034 -> 0.0017092417
004 035 -> 0.0007013823
004 036 -> 0.0062450432
004 037 -> 0.0046607857
004 038 -> 0.0012783677
004 039 -> 0.0016037961
004 040 -> 0.0013359079
005 006 -> 0.0039497570
005 007 -> 0.0033851931
005 008 -> 0.0030562170
005 009 -> 0.0023003834
005 010 -> 0.0016850059
005 011 -> 0.0014299463
005 012 -> 0.0012087963
005 013 -> 0.0035060827
005 014 -> 0.0023094846
005 015 -> 0.0026777767
005 016 -> 0.0021496415
005 017 -> 0.0029890357
005 018 -> 0.0012555837
005 019 -> 0.0025630069
005 020 -> 0.0032174851
005 021 -> 0.0021734919
005 022 -> 0.0026355101
005 023 -> 0.0025328210
005 024 -> 0.0023893073
005 025 -> 0.0033381217
005 026 -> 0.0031287313
005 027 -> 0.0030628948
005 028 -> 0.0024152627
005 029 -> 0.0060597197
005 030 -> 0.0075176233
005 031 -> 0.0031272139
005 032 -> 0.0065125137
005 033 -> 0.0036128244
005 034 -> 0.0026982123
005 035 -> 0.0013695723
005 036 -> 0.0056735888
005 037 -> 0.0053332802
005 038 -> 0.0027945132
005 039 -> 0.0025715605
005 040 -> 0.0025644779
006 007 -> 0.0016355766
006 008 -> 0.0015868855
006 009 -> 0.0012858293
006 010 -> 0.0009707183
006 011 -> 0.0006283837
006 012 -> 0.0009398583
006 013 -> 0.0015932993
006 014 -> 0.0013490713
006 015 -> 0.0012905360
006 016 -> 0.0012912538
006 017 -> 0.0018898930
006 018 -> 0.0004181115
006 019 -> 0.0012885865
006 020 -> 0.0014297265
006 021 -> 0.0019020192
006 022 -> 0.0011987168
006 023 -> 0.0012858837
006 024 -> 0.0016184393
006 025 -> 0.0017350142
006 026 -> 0.0015233747
006 027 -> 0.0015992488
006 028 -> 0.0016690794
006 029 -> 0.0024444002
006 030 -> 0.0030875795
006 031 -> 0.0013851706
006 032 -> 0.0026912371
006 033 -> 0.0016423123
006 034 -> 0.0011319320
006 035 -> 0.0007425777
006 036 -> 0.0027855778
006 037 -> 0.0025187573
006 038 -> 0.0014005047
006 039 -> 0.0013479330
006 040 -> 0.0013458901
007 008 -> 0.0014450725
007 009 -> 0.0012166349
007 010 -> 0.0007583032
007 011 -> 0.0009243758
007 012 -> 0.0007973152
007 013 -> 0.0117857768
007 014 -> 0.0016632388
007 015 -> 0.0012116381
007 016 -> 0.0015982628
007 017 -> 0.0016169211
007 018 -> 0.0006339271
007 019 -> 0.0011424546
007 020 -> 0.0015773063
007 021 -> 0.0012161516
007 022 -> 0.0011885768
007 023 -> 0.0012856592
007 024 -> 0.0014717467
007 025 -> 0.0016964949
007 026 -> 0.0110530512
007 027 -> 0.0108370224
007 028 -> 0.0013896614
007 029 -> 0.0025039531
007 030 -> 0.0033190142
007 031 -> 0.0530167716
007 032 -> 0.0026289343
007 033 -> 0.0517970332
007 034 -> 0.0023099191
007 035 -> 0.0008093200
007 036 -> 0.0025915011
007 037 -> 0.0025939353
007 038 -> 0.0013142361
007 039 -> 0.0013731859
007 040 -> 0.0011818268
008 009 -> 0.0012463453
008 010 -> 0.0010863687
008 011 -> 0.0006855431
008 012 -> 0.0007547111
008 013 -> 0.0013894583
008 014 -> 0.0038886750
008 015 -> 0.0406636776
008 016 -> 0.0041108566
008 017 -> 0.0018792184
008 018 -> 0.0007743479
008 019 -> 0.0182777146
008 020 -> 0.0010248860
008 021 -> 0.0038920285
008 022 -> 0.0185173960
008 023 -> 0.0346283411
008 024 -> 0.0039112573
008 025 -> 0.0027487103
008 026 -> 0.0011460198
008 027 -> 0.0013083090
008 028 -> 0.0052914824
008 029 -> 0.0016874056
008 030 -> 0.0023720714
008 031 -> 0.0012878210
008 032 -> 0.0019694032
008 033 -> 0.0016770586
008 034 -> 0.0007175678
008 035 -> 0.0008652444
008 036 -> 0.0016451809
008 037 -> 0.0018178140
008 038 -> 0.0036759009
008 039 -> 0.0313960840
008 040 -> 0.0035133407
009 010 -> 0.0004786216
009 011 -> 0.0008319012
009 012 -> 0.0009438642
009 013 -> 0.0011147102
009 014 -> 0.0018685738
009 015 -> 0.0009279697
009 016 -> 0.0019134879
009 017 -> 0.0020141079
009 018 -> 0.0006245207
009 019 -> 0.0010403181
009 020 -> 0.0010988495
009 021 -> 0.0018908974
009 022 -> 0.0016142562
009 023 -> 0.0016662041
009 024 -> 0.0017879247
009 025 -> 0.0015710847
009 026 -> 0.0013237256
009 027 -> 0.0010512475
009 028 -> 0.0013636290
009 029 -> 0.0014059273
009 030 -> 0.0019193058
009 031 -> 0.0010595820
009 032 -> 0.0014969909
009 033 -> 0.0010094783
009 034 -> 0.0008556781
009 035 -> 0.0007630012
009 036 -> 0.0009628869
009 037 -> 0.0015547801
009 038 -> 0.0015341712
009 039 -> 0.0015287336
009 040 -> 0.0014753957
010 011 -> 0.0166913410
010 012 -> 0.0124528520
010 013 -> 0.0003763403
010 014 -> 0.0006066048
010 015 -> 0.0008446630
010 016 -> 0.0006063474
010 017 -> 0.0007557342
010 018 -> 0.0147739116
010 019 -> 0.0007757448
010 020 -> 0.0002992581
010 021 -> 0.0007461375
010 022 -> 0.0007616278
010 023 -> 0.0007474407
010 024 -> 0.0006789598
010 025 -> 0.0007099991
010 026 -> 0.0007623582
010 027 -> 0.0006735639
010 028 -> 0.0003244346
010 029 -> 0.0010468250
010 030 -> 0.0009740324
010 031 -> 0.0004628996
010 032 -> 0.0010870934
010 033 -> 0.0006144281
010 034 -> 0.0010545365
010 035 -> 0.0722595561
010 036 -> 0.0007220853
010 037 -> 0.0008480929
010 038 -> 0.0008902036
010 039 -> 0.0007901665
010 040 -> 0.0008610438
011 012 -> 0.0891844030
011 013 -> 0.0007316474
011 014 -> 0.0012777815
011 015 -> 0.0006657081
011 016 -> 0.0011385162
011 017 -> 0.0015070150
011 018 -> 0.1062770081
011 019 -> 0.0005389094
011 020 -> 0.0005569496
011 021 -> 0.0011068897
011 022 -> 0.0008301024
011 023 -> 0.0013352717
011 024 -> 0.0011498634
011 025 -> 0.0009390682
011 026 -> 0.0007200467
011 027 -> 0.0006792133
011 028 -> 0.0008076528
011 029 -> 0.0007940067
011 030 -> 0.0013804803
011 031 -> 0.0005967824
011 032 -> 0.0010552326
011 033 -> 0.0008119209
011 034 -> 0.0003765372
011 035 -> 0.0183908381
011 036 -> 0.0007431411
011 037 -> 0.0009043869
011 038 -> 0.0009659992
011 039 -> 0.0005994372
011 040 -> 0.0012503706
012 013 -> 0.0007645083
012 014 -> 0.0015766111
012 015 -> 0.0007350996
012 016 -> 0.0016693889
012 017 -> 0.0010653266
012 018 -> 0.0838979988
012 019 -> 0.0009467811
012 020 -> 0.0004948047
012 021 -> 0.0010955378
012 022 -> 0.0012164200
012 023 -> 0.0007577472
012 024 -> 0.0013024378
012 025 -> 0.0009576708
012 026 -> 0.0006666309
012 027 -> 0.0010025789
012 028 -> 0.0007009870
012 029 -> 0.0007023893
012 030 -> 0.0009044580
012 031 -> 0.0006624529
012 032 -> 0.0008521108
012 033 -> 0.0007339087
012 034 -> 0.0008453538
012 035 -> 0.0126824344
012 036 -> 0.0008547629
012 037 -> 0.0007841486
012 038 -> 0.0010644320
012 039 -> 0.0011487843
012 040 -> 0.0008449003
013 014 -> 0.0014936469
013 015 -> 0.0015811149
013 016 -> 0.0014670128
013 017 -> 0.0011472155
013 018 -> 0.0008134117
013 019 -> 0.0015898758
013 020 -> 0.0015608543
013 021 -> 0.0014079957
013 022 -> 0.0014670600
013 023 -> 0.0012799328
013 024 -> 0.0013245015
013 025 -> 0.0015544251
013 026 -> 0.1208561477
013 027 -> 0.1090533314
013 028 -> 0.0012525799
013 029 -> 0.0015358741
013 030 -> 0.0028322655
013 031 -> 0.0161477122
013 032 -> 0.0017557642
013 033 -> 0.0131603265
013 034 -> 0.0025031009
013 035 -> 0.0006825427
013 036 -> 0.0019797772
013 037 -> 0.0016200399
013 038 -> 0.0010163036
013 039 -> 0.0013298773
013 040 -> 0.0011020887
014 015 -> 0.0034781535
014 016 -> 0.6923499157
014 017 -> 0.0034245005
014 018 -> 0.0010868330
014 019 -> 0.0045585066
014 020 -> 0.0010788967
014 021 -> 0.0518645857
014 022 -> 0.0069292952
014 023 -> 0.0044505479
014 024 -> 0.0562824889
014 025 -> 0.0041020867
014 026 -> 0.0014466972
014 027 -> 0.0019753129
014 028 -> 0.0364996906
014 029 -> 0.0016468419
014 030 -> 0.0017565081
014 031 -> 0.0011819237
014 032 -> 0.0018579661
014 033 -> 0.0009524779
014 034 -> 0.0023345696
014 035 -> 0.0013184714
014 036 -> 0.0010768195
014 037 -> 0.0015755078
014 038 -> 0.0715028488
014 039 -> 0.0057127920
014 040 -> 0.0685341447
015 016 -> 0.0036716449
015 017 -> 0.0011115202
015 018 -> 0.0012001890
015 019 -> 0.0177770305
015 020 -> 0.0013086638
015 021 -> 0.0038898601
015 022 -> 0.0197341371
015 023 -> 0.0358432893
015 024 -> 0.0040519728
015 025 -> 0.0030926656
015 026 -> 0.0011718401
015 027 -> 0.0012585821
015 028 -> 0.0036750756
015 029 -> 0.0014978706
015 030 -> 0.0022111185
015 031 -> 0.0007419841
015 032 -> 0.0016017736
015 033 -> 0.0014812521
015 034 -> 0.0009933569
015 035 -> 0.0005520421
015 036 -> 0.0016221164
015 037 -> 0.0013690644
015 038 -> 0.0039104726
015 039 -> 0.0361275335
015 040 -> 0.0037665839
016 017 -> 0.0033623384
016 018 -> 0.0009787646
016 019 -> 0.0045508383
016 020 -> 0.0012556840
016 021 -> 0.0533493434
016 022 -> 0.0072199871
016 023 -> 0.0041908292
016 024 -> 0.0583980710
016 025 -> 0.0037022335
016 026 -> 0.0017069722
016 027 -> 0.0023833022
016 028 -> 0.0372160355
016 029 -> 0.0015290094
016 030 -> 0.0018953304
016 031 -> 0.0012534538
016 032 -> 0.0017456059
016 033 -> 0.0011615587
016 034 -> 0.0021670490
016 035 -> 0.0010682048
016 036 -> 0.0011268754
016 037 -> 0.0015388473
016 038 -> 0.0738517288
016 039 -> 0.0059766903
016 040 -> 0.0705280714
017 018 -> 0.0008952852
017 019 -> 0.0016909681
017 020 -> 0.0017492538
017 021 -> 0.0031593562
017 022 -> 0.0040003495
017 023 -> 0.0016425641
017 024 -> 0.0033679466
017 025 -> 0.0023494621
017 026 -> 0.0014733537
017 027 -> 0.0015928469
017 028 -> 0.0017439866
017 029 -> 0.0345786697
017 030 -> 0.0206147391
017 031 -> 0.0016480328
017 032 -> 0.0333100535
017 033 -> 0.0012864397
017 034 -> 0.0019017910
017 035 -> 0.0006554462
017 036 -> 0.0381548471
017 037 -> 0.0357813070
017 038 -> 0.0023609626
017 039 -> 0.0039614269
017 040 -> 0.0021964250
018 019 -> 0.0009255092
018 020 -> 0.0006694932
018 021 -> 0.0009058556
018 022 -> 0.0011329505
018 023 -> 0.0011785897
018 024 -> 0.0006469046
018 025 -> 0.0010195596
018 026 -> 0.0007101572
018 027 -> 0.0008335868
018 028 -> 0.0005683484
018 029 -> 0.0010188260
018 030 -> 0.0008926051
018 031 -> 0.0006661297
018 032 -> 0.0008846288
018 033 -> 0.0006163472
018 034 -> 0.0005709742
018 035 -> 0.0182415058
018 036 -> 0.0008776187
018 037 -> 0.0008912821
018 038 -> 0.0007164371
018 039 -> 0.0007346212
018 040 -> 0.0007192145
019 020 -> 0.0012328415
019 021 -> 0.0041965128
019 022 -> 0.0855770975
019 023 -> 0.0163173481
019 024 -> 0.0044401735
019 025 -> 0.0029087620
019 026 -> 0.0014003963
019 027 -> 0.0011546338
019 028 -> 0.0036645847
019 029 -> 0.0015482095
019 030 -> 0.0018644457
019 031 -> 0.0009116367
019 032 -> 0.0016822226
019 033 -> 0.0009276046
019 034 -> 0.0015534436
019 035 -> 0.0009153735
019 036 -> 0.0016301298
019 037 -> 0.0017154903
019 038 -> 0.0037579604
019 039 -> 0.0185506173
019 040 -> 0.0033682032
020 021 -> 0.0011034878
020 022 -> 0.0011942884
020 023 -> 0.0014118255
020 024 -> 0.0012770034
020 025 -> 0.0016598312
020 026 -> 0.0010739948
020 027 -> 0.0010466815
020 028 -> 0.0010466984
020 029 -> 0.0020312031
020 030 -> 0.0023139350
020 031 -> 0.0015174180
020 032 -> 0.0019043081
020 033 -> 0.0013045014
020 034 -> 0.0011743225
020 035 -> 0.0003761626
020 036 -> 0.0016969982
020 037 -> 0.0019508714
020 038 -> 0.0011456231
020 039 -> 0.0010925563
020 040 -> 0.0012013303
021 022 -> 0.0059112065
021 023 -> 0.0042120284
021 024 -> 0.5900667807
021 025 -> 0.0033620600
021 026 -> 0.0017223857
021 027 -> 0.0018491728
021 028 -> 0.0265720689
021 029 -> 0.0015036299
021 030 -> 0.0014845175
021 031 -> 0.0020044721
021 032 -> 0.0017231501
021 033 -> 0.0013157792
021 034 -> 0.0018630695
021 035 -> 0.0009052582
021 036 -> 0.0012075322
021 037 -> 0.0018837366
021 038 -> 0.0433653210
021 039 -> 0.0046345389
021 040 -> 0.0403570143
022 023 -> 0.0160249971
022 024 -> 0.0061421470
022 025 -> 0.0035889146
022 026 -> 0.0016654751
022 027 -> 0.0012101782
022 028 -> 0.0040942377
022 029 -> 0.0013414272
022 030 -> 0.0017444038
022 031 -> 0.0012209729
022 032 -> 0.0015687070
022 033 -> 0.0011972715
022 034 -> 0.0014113976
022 035 -> 0.0011294809
022 036 -> 0.0014267112
022 037 -> 0.0014626741
022 038 -> 0.0044683099
022 039 -> 0.0241201200
022 040 -> 0.0040910000
023 024 -> 0.0044529075
023 025 -> 0.0027801523
023 026 -> 0.0011983135
023 027 -> 0.0014524002
023 028 -> 0.0046439582
023 029 -> 0.0016946854
023 030 -> 0.0018065781
023 031 -> 0.0012529691
023 032 -> 0.0018244888
023 033 -> 0.0012230237
023 034 -> 0.0009726075
023 035 -> 0.0010031216
023 036 -> 0.0012553007
023 037 -> 0.0016530279
023 038 -> 0.0032072225
023 039 -> 0.0315994431
023 040 -> 0.0030406181
024 025 -> 0.0032399506
024 026 -> 0.0016093988
024 027 -> 0.0020747653
024 028 -> 0.0270694890
024 029 -> 0.0014784698
024 030 -> 0.0015346362
024 031 -> 0.0016399487
024 032 -> 0.0016951209
024 033 -> 0.0011662926
024 034 -> 0.0018533594
024 035 -> 0.0009863982
024 036 -> 0.0011112562
024 037 -> 0.0017483074
024 038 -> 0.0435253244
024 039 -> 0.0047977753
024 040 -> 0.0406428494
025 026 -> 0.0016434513
025 027 -> 0.0016435067
025 028 -> 0.0022832167
025 029 -> 0.0018382513
025 030 -> 0.0024013276
025 031 -> 0.0017607011
025 032 -> 0.0021168377
025 033 -> 0.0015052536
025 034 -> 0.0020110093
025 035 -> 0.0007852684
025 036 -> 0.0017401130
025 037 -> 0.0017243801
025 038 -> 0.0027820193
025 039 -> 0.0038337678
025 040 -> 0.0027689490
026 027 -> 0.2474251160
026 028 -> 0.0012691879
026 029 -> 0.0017420794
026 030 -> 0.0027121962
026 031 -> 0.0154733108
026 032 -> 0.0017706111
026 033 -> 0.0123807674
026 034 -> 0.0022106064
026 035 -> 0.0009058210
026 036 -> 0.0017212470
026 037 -> 0.0015414886
026 038 -> 0.0014288039
026 039 -> 0.0013843917
026 040 -> 0.0016817490
027 028 -> 0.0011579258
027 029 -> 0.0014130600
027 030 -> 0.0023427313
027 031 -> 0.0147017148
027 032 -> 0.0014522628
027 033 -> 0.0103136969
027 034 -> 0.0023119353
027 035 -> 0.0007977838
027 036 -> 0.0014545917
027 037 -> 0.0014808410
027 038 -> 0.0016032197
027 039 -> 0.0015974414
027 040 -> 0.0014655310
028 029 -> 0.0019505017
028 030 -> 0.0020871178
028 031 -> 0.0012621477
028 032 -> 0.0019275164
028 033 -> 0.0012821621
028 034 -> 0.0009940651
028 035 -> 0.0004736867
028 036 -> 0.0017323562
028 037 -> 0.0015949859
028 038 -> 0.0345753995
028 039 -> 0.0039959833
028 040 -> 0.0339044171
029 030 -> 0.0314309878
029 031 -> 0.0014556449
029 032 -> 0.7187211841
029 033 -> 0.0017705954
029 034 -> 0.0013597094
029 035 -> 0.0005822349
029 036 -> 0.0879579685
029 037 -> 0.6892575622
029 038 -> 0.0020050878
029 039 -> 0.0010984899
029 040 -> 0.0020150780
030 031 -> 0.0027547441
030 032 -> 0.0308697216
030 033 -> 0.0032465790
030 034 -> 0.0021214911
030 035 -> 0.0012909908
030 036 -> 0.0353182854
030 037 -> 0.0324223167
030 038 -> 0.0024157123
030 039 -> 0.0018892649
030 040 -> 0.0023448233
031 032 -> 0.0014848730
031 033 -> 0.1851777369
031 034 -> 0.0021920888
031 035 -> 0.0007305503
031 036 -> 0.0016239059
031 037 -> 0.0014548314
031 038 -> 0.0017195186
031 039 -> 0.0014992148
031 040 -> 0.0014664133
032 033 -> 0.0019753321
032 034 -> 0.0014429884
032 035 -> 0.0005661297
032 036 -> 0.0847902499
032 037 -> 0.7116569502
032 038 -> 0.0022847547
032 039 -> 0.0015390581
032 040 -> 0.0023187618
033 034 -> 0.0016706846
033 035 -> 0.0013073743
033 036 -> 0.0022163186
033 037 -> 0.0018058461
033 038 -> 0.0013058716
033 039 -> 0.0014833611
033 040 -> 0.0012785568
034 035 -> 0.0007620439
034 036 -> 0.0014503055
034 037 -> 0.0013274855
034 038 -> 0.0017116733
034 039 -> 0.0014595201
034 040 -> 0.0014985307
035 036 -> 0.0012368609
035 037 -> 0.0006410696
035 038 -> 0.0012126389
035 039 -> 0.0008329095
035 040 -> 0.0006495959
036 037 -> 0.0912096154
036 038 -> 0.0013680847
036 039 -> 0.0012816812
036 040 -> 0.0012061785
037 038 -> 0.0021641034
037 039 -> 0.0014036362
037 040 -> 0.0021346238
038 039 -> 0.0041341359
038 040 -> 0.5002604252
039 040 -> 0.0033610012
time elapsed: 2200 seconds
